FID	IID	ZAverage
108	108	1.8632767977020996
139	139	-0.21545742149246294
159	159	-0.5682571044437349
265	265	1.7766407628622174
350	350	-6.0817578130243265E-2
351	351	-0.55221252272635513
403	403	0.56982409022021019
410	410	-0.70519095114659891
424	424	-0.80408031802840563
428	428	-0.92415288260585127
506	506	-0.39112230147362009
630	630	-0.86219131450386066
687	687	-0.63511105371109822
728	728	-0.84805762267605
763	763	0.52044406328012593
768	768	-1.1540963027752653
801	801	-0.1685119983836032
870	870	-0.49973762306113723
915	915	-0.63577107123046317
932	932	-0.79962843528583649
997	997	-0.3034082886812014
1002	1002	0.90322707813858893
1066	1066	0.27865972399061706
1158	1158	-0.4821843668377444
1317	1317	2.2118974224073762
1435	1435	-1.9239491147044003E-2
1684	1684	-0.94484947172403189
1741	1741	-0.34992143907909024
1829	1829	-0.5077914846746352
1872	1872	-0.27119832154165313
1890	1890	-0.2153141964844269
1925	1925	-0.78489812468197229
1954	1954	-0.88854273991023158
2016	2016	-1.0145117739234173
2017	2017	-0.80691094074889569
2031	2031	-1.3326668350342754
2171	2171	-0.77804225378607306
2202	2202	-0.1761238539082402
2212	2212	-0.5843783119039736
2276	2276	-0.3912916567777025
2278	2278	-0.31886596696957853
2317	2317	-0.49013196457515318
2370	2370	-0.55146772443245107
4779	4779	-0.10813991220605203
4807	4807	-0.43837025278695085
4826	4826	0.42900979886346746
4884	4884	-0.77042149810893046
4931	4931	-0.71298252129143269
4939	4939	-0.53117961057020568
4958	4958	-0.13638024858812173
5023	5023	0.42667074517137416
5104	5104	-0.24390701380640264
5151	5151	-0.3447021004056301
5210	5210	-0.65601989535484451
5236	5236	-0.25596620069559844
5276	5276	-0.19203096089741517
5279	5279	-0.61960951887562765
5349	5349	-0.76832156784485606
5353	5353	0.99789627162525951
5395	5395	0.40159338543562811
5486	5486	-0.86754103102089275
5535	5535	0.95336011337985416
5577	5577	0.18128698705360452
5644	5644	0.59945799812693112
5717	5717	-0.80831509528598078
5718	5718	-0.56682343435252103
5720	5720	-0.20327288517555103
5726	5726	-8.088439723979525E-2
5741	5741	-0.49893200348391364
5748	5748	-9.8472817416475206E-2
5768	5768	-1.7160903453132845E-2
5772	5772	-0.7826439313161726
5778	5778	-1.0194726291963838
5779	5779	-0.52303815345963078
5784	5784	-0.55443221440083901
5798	5798	-0.39627854535641749
5800	5800	-0.67811672836602754
5811	5811	0.25920992792513509
5818	5818	-0.65216809728843361
5822	5822	-0.86899807911437921
5831	5831	-0.44574012680848796
5837	5837	0.30587902862508998
5860	5860	-3.8634906098216133E-2
5874	5874	-0.82213607556012147
5890	5890	-1.1386100857872641
5893	5893	-5.4076252475215403E-4
5907	5907	-4.3324300107285427E-2
5921	5921	-4.7344812208225145E-2
5950	5950	0.34442922745186622
5984	5984	4.9392019572448917E-2
5993	5993	-0.37713366019652955
6008	6008	6.0308473540623714E-2
6009	6009	0.24577445527829395
6017	6017	-0.18186114061707206
6020	6020	-9.0235904910683881E-2
6024	6024	0.1720059327019281
6025	6025	4.9775394128188828E-2
6038	6038	-0.46633987110618658
6041	6041	-0.63337301685802472
6064	6064	-0.48828526447352516
6086	6086	-0.38683683478861836
6097	6097	-0.2055068876702216
6099	6099	2.4619005710109021
6106	6106	1.0377324409969966
6107	6107	-0.34648051103982713
6108	6108	0.91151745439454712
6111	6111	0.87655659705927147
6133	6133	0.34960182007467411
6137	6137	0.23006759570808735
6138	6138	-0.14658983529486999
6140	6140	-0.5204056964986965
6145	6145	4.9837379025170605E-3
6148	6148	-1.7314473552483403E-2
6154	6154	-0.19842076327925534
6163	6163	-0.10979846513991585
6166	6166	0.99217451593817707
6169	6169	0.20208077344133218
6171	6171	1.4629339999353634
6174	6174	0.63557463333964592
6177	6177	1.1877199232047102
6194	6194	-0.4262420378985321
6195	6195	-0.37906615380405101
6198	6198	-0.15252019641305781
6201	6201	0.76024692071058297
6203	6203	-0.75781436034888816
6217	6217	0.25116077816039029
6218	6218	1.5138987564849162
6220	6220	-0.22127053952914547
6240	6240	-0.37845394137968968
6241	6241	0.626753157208226
6255	6255	0.314020014212327
6268	6268	1.1914712033250274
6284	6284	-0.3241850181736346
6296	6296	-0.24273636429882772
6390	6390	-0.1997998929991095
6424	6424	-0.56109607318178034
6434	6434	0.12879246784721365
6445	6445	-0.15542954227706413
6680	6680	-0.25430668008523283
6709	6709	-0.63392970207985466
6744	6744	1.882101853905821
6830	6830	-0.32571179830183677
6900	6900	0.63742332174731187
6906	6906	-0.11066800676963108
6907	6907	0.38502698867902518
6908	6908	-0.13722762804960503
6909	6909	-1.1068516128834873
6911	6911	-0.68593668584905232
6917	6917	0.26088666036720787
6923	6923	-0.51088014551051819
6933	6933	-1.0233571801777941
6937	6937	-0.54150954429404852
6939	6939	-0.55088419441299852
6943	6943	-0.41719200266698131
6944	6944	-0.77859029751328124
6957	6957	5.4306609968008637E-2
6960	6960	-4.9568178442463709E-2
6966	6966	-0.67911824191567138
6970	6970	1.2619901668022084
6971	6971	5.6194013883431981E-2
6973	6973	-0.5747541738532792
6974	6974	-0.61374228770741401
6976	6976	5.2384894381038348E-2
6979	6979	0.29913415892849043
6989	6989	0.24161829250009556
6992	6992	-0.58721310286026729
7013	7013	-0.83221362264599785
7028	7028	-0.61996361032222724
7033	7033	-0.59354251088041932
7058	7058	-0.49192859438359449
7067	7067	0.41495302405902712
7094	7094	-0.62087445521572193
7102	7102	-0.89026323253676298
7103	7103	0.26852567211853634
7106	7106	-0.50568034702450815
7107	7107	0.92064311587528058
7111	7111	-0.44219171574710614
7119	7119	-0.81965221795885113
7161	7161	0.28513088335511638
7164	7164	2.5253979760956926
7165	7165	0.22805143012599849
7167	7167	-0.65487694981517242
7169	7169	-0.26550434829140884
7186	7186	2.0219274320888294
7202	7202	-0.70744317158040226
7218	7218	-0.33479214937231261
7231	7231	-0.65371161042754622
7244	7244	-0.47794635645603784
7248	7248	-0.28016282253324298
7250	7250	0.68640414775666292
7263	7263	0.16490340969439971
7282	7282	-0.69887041244880033
7288	7288	-0.26771495144165897
7296	7296	-1.0942718252565093
7308	7308	-4.0516329839883E-2
7316	7316	-0.60888652314194158
7320	7320	-0.63247385794070432
7322	7322	-1.1169267323560819
7327	7327	-0.33383166549035992
7328	7328	-0.68882269660036932
7330	7330	-0.32296667999248763
7346	7346	-0.57211054909389236
7350	7350	-2.9247936013392688E-2
7353	7353	3.6523970431063299E-2
7354	7354	-0.13524886592123408
7355	7355	0.16525408171015846
7372	7372	-0.66018257039480188
7373	7373	0.21258629129285445
7377	7377	4.3880033027989254E-3
7384	7384	-0.68730739067631408
7396	7396	-0.56159470830120628
7404	7404	3.9094999550331244E-2
7413	7413	-0.40893577654461
7418	7418	-0.79318673695543385
7424	7424	-1.1942267049531292
7427	7427	-0.3418624560223284
7458	7458	-1.0292494681886775
7461	7461	0.14970824078723027
7477	7477	-1.031044489107249
7515	7515	-0.48321715233383533
7517	7517	1.5055117909383466
7521	7521	-0.95145484383810286
7717	7717	-0.3947593502823305
7917	7917	-1.1399419275221025
8077	8077	0.37478842115022448
8132	8132	0.57735365518450654
8231	8231	-0.57635468760378683
8233	8233	-1.0713730073969732
8234	8234	-0.66708574231970197
8235	8235	-0.45596502799702265
8236	8236	-0.36244683836825864
8238	8238	-0.91697439385066648
8239	8239	-0.67220371952998581
8244	8244	-0.69248743968331428
8246	8246	-0.73706930718662
8247	8247	-0.65699533021408341
8259	8259	-0.33861220020075317
8264	8264	-0.92929661045211276
8266	8266	-0.18867854404046236
8275	8275	-1.0031001966993405
8284	8284	-0.21774430720711427
8290	8290	-0.37599201266126531
8297	8297	-0.61040374525504937
8325	8325	-0.4378076519565377
8334	8334	-0.15734143258149388
8337	8337	-0.18979804962150154
8343	8343	-0.75915274515737885
8351	8351	0.51891845304790829
8353	8353	1.0247495480812236
8357	8357	-0.68370582242489975
8365	8365	-0.14522029548987495
8366	8366	-0.55462350127621896
8378	8378	-0.83886182167809542
8386	8386	-0.13749082680612176
8419	8419	-0.85588084484278293
8424	8424	-0.63208786136828543
8428	8428	-0.51997662216952301
8430	8430	-0.54417493348051382
8472	8472	-1.068561563697406
8584	8584	1.8238402648789838
9067	9067	1.6209388092081106E-3
9075	9075	-0.4956002924132783
9078	9078	1.7513647875025219E-2
9079	9079	0.32297117579534262
9081	9081	-0.72500199542116683
9084	9084	0.41792727922108319
9085	9085	0.17836059460338474
9089	9089	-7.1649895416098161E-2
9091	9091	-4.8097731770646239E-2
9095	9095	-0.32328065722624222
9099	9099	0.99077952079457465
9100	9100	-1.0249031650898863
9102	9102	-0.21521532637839758
9103	9103	-0.61149985075647073
9104	9104	-0.67079333216264314
9105	9105	-0.60180025961948969
9106	9106	-0.46890400146588923
9111	9111	0.11560705476258826
9113	9113	-0.34854716282189491
9114	9114	-0.38545445680766921
9115	9115	-0.59323073958047767
9121	9121	-0.68607972115858795
9125	9125	-0.60253479759715978
9128	9128	-0.48348351150437874
9130	9130	-0.41981120015761691
9131	9131	-0.70175834307979912
9133	9133	-0.74698758734361759
9134	9134	-0.68329835991176946
9298	9298	-2.2770863988405707E-2
9312	9312	-0.70911032594584933
9314	9314	-0.20529084609051906
9321	9321	1.2116467828512449
9386	9386	1.7511594833580546
9388	9388	0.92059289493189156
9404	9404	-0.1490294634583135
9405	9405	-0.45761832521557894
9408	9408	-0.27775360262414744
9409	9409	-0.87661789061781392
9421	9421	0.7354700960638938
9433	9433	0.32420946836737874
9451	9451	-0.18086596861054835
9503	9503	-4.9421756045906651E-2
9506	9506	0.22697360784234549
9507	9507	2.1748281686018283
9508	9508	-0.38317591136512291
9509	9509	-4.3611903566816615E-2
9510	9510	0.81390079170580376
9511	9511	0.69511786739979642
9512	9512	-0.14766860795469788
9513	9513	0.75539817446929303
9514	9514	1.0343728279843207
9515	9515	4.2616633478327316E-2
9516	9516	2.3276321170630498E-2
9517	9517	-7.4018865191147675E-4
9518	9518	0.61641053633336707
9519	9519	-0.10918777931345965
9520	9520	0.33398113980201455
9521	9521	0.64266007514170997
9522	9522	0.82732889813834232
9523	9523	0.63915158054361643
9524	9524	1.1797034054657831
9525	9525	-0.12814492963672452
9526	9526	0.90270017238231248
9527	9527	1.0467505579533016
9529	9529	0.27737793557898094
9530	9530	0.87035356588470381
9531	9531	2.1078110747068366
9532	9532	0.59949700987956389
9533	9533	0.46082429007432618
9534	9534	1.0656720610573938
9535	9535	1.8923257492002399
9537	9537	0.18524458411306205
9538	9538	-0.30156458399219405
9540	9540	5.1872280234923782E-2
9541	9541	0.19026644063073928
9542	9542	0.50186585912367798
9543	9543	0.50428938852057026
9544	9544	0.99616567426592761
9545	9545	0.30442634072352315
9546	9546	0.9218106753291202
9547	9547	0.23718594421033995
9548	9548	0.49787835562680438
9549	9549	0.55227499586658702
9550	9550	-0.27598711996800868
9551	9551	2.454075573148855
9552	9552	-0.32415799460355049
9553	9553	-0.11502027427188595
9554	9554	0.13868581863694318
9556	9556	0.53790252627463597
9557	9557	0.56627642057494676
9558	9558	-0.27300941579456933
9559	9559	1.8019483205068114
9560	9560	-0.39190689228705744
9561	9561	1.2877798048593168
9562	9562	-0.20098964096239713
9563	9563	2.1555795433165031E-2
9564	9564	0.87486425669974477
9565	9565	-0.16218233484708086
9566	9566	0.67258836945543798
9567	9567	1.5380310611789254
9568	9568	0.50475152282395697
9569	9569	-0.26185903882039269
9570	9570	1.3765370563050847
9572	9572	-0.11553251698861078
9573	9573	1.0676289949489193
9574	9574	0.36163562426767965
9575	9575	0.80950378200135154
9576	9576	0.64094124518441153
9577	9577	0.52652190321615111
9578	9578	1.2916042985135181
9579	9579	1.1312659392912947
9580	9580	0.44455297653619757
9581	9581	1.3710378441297431
9582	9582	0.20928358411148493
9583	9583	7.4178318224528389E-2
9584	9584	-4.0146272124958908E-2
9585	9585	-0.1228179262765787
9586	9586	0.83690809907376618
9587	9587	1.3712565678854138
9588	9588	1.9153574588182245
9590	9590	0.59727474844655515
9591	9591	-0.22524388653458532
9592	9592	0.32689275585599598
9593	9593	0.71379331039990934
9594	9594	1.3679978257001695
9595	9595	7.3284126028725111E-2
9596	9596	-0.1453172471652133
9597	9597	0.56136048291279206
9598	9598	0.64223388661342684
9599	9599	3.4486380213652378E-2
9600	9600	-0.2470338935145657
9601	9601	-5.7846698823041283E-2
9602	9602	-0.12241348135015034
9606	9606	0.36882288094453669
9607	9607	-0.78794895986390578
9608	9608	0.26119112624138768
9609	9609	-0.43074215482480133
9610	9610	-0.99676604875884911
9611	9611	1.3364754498402696
9612	9612	-0.35363333296809907
9613	9613	0.19064767115999048
9615	9615	-0.62320240685334349
9616	9616	1.1751772127555915
9617	9617	0.1416442851990935
9619	9619	0.31109416025230779
9620	9620	0.51645559378452721
9621	9621	0.92898857685791669
9622	9622	0.42429000120602339
9623	9623	0.53461527698829314
9624	9624	1.0113131757134928
9626	9626	-0.5638740614395602
9627	9627	-0.79789275766988177
9628	9628	-0.71880908587050063
9629	9629	0.46442165368232158
9630	9630	0.91223742093068316
9631	9631	0.1844944379437245
9632	9632	-0.63281201502115314
9633	9633	0.41084029037936903
9634	9634	0.38748825768779804
9636	9636	0.28664147894723085
9637	9637	-0.70777473266834057
9638	9638	0.87861744244839657
9639	9639	-0.68216397103660542
9640	9640	0.60799260567179425
9642	9642	0.52435614715590562
9644	9644	0.89630624629778632
9645	9645	0.29087573326468374
9646	9646	-0.46914452590892869
9647	9647	4.1065174664379381E-2
9648	9648	0.14180165286773516
9649	9649	-1.0422743667905834
9650	9650	-0.30346688579441272
9651	9651	-0.1267531322173239
9652	9652	0.73893613890453658
9653	9653	-0.161972937887845
9654	9654	0.67667875377941811
9655	9655	-0.77081323639353982
9656	9656	-0.5344253396161488
9658	9658	0.59192456001158333
9659	9659	0.69306611059855172
9660	9660	-0.24449313328635686
9661	9661	0.65393965050860547
9662	9662	-2.6028679572044657E-2
9663	9663	-0.92077580619829491
9665	9665	0.19147171643970184
9666	9666	-0.47026102910496503
9668	9668	0.37286624112066857
9669	9669	0.25227257369981804
9673	9673	-0.45002399625524697
9678	9678	-0.2630570134773364
9679	9679	0.11156729873353706
9680	9680	-9.9021326387203859E-2
9681	9681	0.22478329658459334
9682	9682	-0.33728430781928193
9683	9683	0.26536087839713196
9684	9684	-0.2867165646352744
9690	9690	0.43754653904543606
9693	9693	0.16979230258029479
9696	9696	-0.43924616158146612
9697	9697	0.10764118695609437
9698	9698	-0.10440936620558883
9699	9699	-0.58018583902123466
9701	9701	0.64109921050198071
9702	9702	0.90376463315495148
9703	9703	-0.40399351701941166
9704	9704	-0.21345599672055313
9705	9705	-0.44367748663189976
9706	9706	-0.30831211495953376
9707	9707	-0.51817641847156648
9708	9708	0.18842943404120091
9709	9709	0.56305864291133334
9710	9710	0.67943901404628937
9711	9711	-0.55779570887845553
9712	9712	0.13070268774023786
9713	9713	0.13059553876249028
9714	9714	-0.25672229830636756
9717	9717	-2.2470859793762055E-2
9719	9719	-0.17093266087801243
9720	9720	0.52524240051736715
9721	9721	-0.15916061529257311
9722	9722	-8.9477907486963465E-2
9723	9723	0.70425354861254252
9725	9725	0.36201843652726878
9726	9726	0.12399571849285454
9727	9727	0.67296717329746503
9728	9728	0.23282175592599755
9729	9729	-0.49485098819470991
9730	9730	-0.39094975770217721
9731	9731	-5.2761849280195887E-2
9732	9732	-0.22713898146911868
9733	9733	0.4643284439792732
9734	9734	-1.7069017901759641E-2
9735	9735	-0.37102803582619298
9736	9736	0.77626946291803001
9737	9737	-0.41594453258041947
9738	9738	-0.29640322104912414
9739	9739	0.12406940940477953
9741	9741	-0.14767885713274628
9742	9742	0.5134197575501932
9743	9743	-0.21816454655648371
9744	9744	1.913678281584628
9745	9745	-0.41145396427330977
9746	9746	-0.18861913387386442
9747	9747	-0.8006319933603071
9748	9748	0.46132979964265813
9749	9749	0.23008082083205483
9754	9754	-0.58136998375588478
9755	9755	-0.76168321400205341
9756	9756	1.3127279114116501
9757	9757	0.60448347241272837
9759	9759	2.1401666328200628
9762	9762	0.26791549308679274
9768	9768	-0.54634493926353223
9769	9769	-2.2192326544439443E-2
9770	9770	-0.29263559564693087
9771	9771	-0.16342082766955421
9772	9772	-8.9488513312982382E-2
9774	9774	0.40994094234579709
9775	9775	-0.89092821239103648
9776	9776	-0.60693097771998739
9777	9777	-0.19568562848709345
9778	9778	6.2577236276632309E-2
9779	9779	-0.36198521056654492
9780	9780	-0.54248466768217385
9781	9781	-0.83073757523849434
9782	9782	-0.67055779496669488
9783	9783	-0.97930305766606729
9784	9784	0.10050989804993461
9785	9785	-0.79933177000113742
9786	9786	-0.6639380940485774
9788	9788	0.45411272722885193
9789	9789	0.10640124608292825
9790	9790	0.62433366209316488
9791	9791	-7.0101431078693738E-2
9792	9792	-0.43515059491946784
9793	9793	-0.3977668386839513
9794	9794	-0.64337648800761982
9795	9795	-1.0010141794626617
9796	9796	-0.86432986585061811
9797	9797	-0.13414858236595884
9798	9798	0.78498985812864686
9799	9799	-0.58753658936192443
9800	9800	0.8380421531171901
9801	9801	-8.1121328114641289E-2
9802	9802	-0.11742980407405058
9803	9803	-6.9957845461984622E-2
9804	9804	-0.78854137743086861
9805	9805	0.38065674925166293
9806	9806	0.29966847928306395
9807	9807	-0.67663036765829165
9808	9808	-0.63444213829710017
9809	9809	-1.0780839726132116
9811	9811	-0.75219781704442612
9812	9812	-0.26139862839713496
9813	9813	-0.3361971550201257
9814	9814	-1.0388584968429924
9815	9815	-0.9731816922638149
9816	9816	-0.64008893558707447
9817	9817	0.39595267349422075
9819	9819	-6.7117735507129558E-2
9821	9821	0.90502850375237387
9823	9823	2.1718619408348849
9824	9824	-3.8777190672048524E-2
9825	9825	-3.3057487161476558E-2
9826	9826	8.9944672928420843E-2
9827	9827	3.119345423403249E-2
9828	9828	-0.45628795192702259
9829	9829	-0.70952090710977966
9830	9830	-0.33404847474052901
9831	9831	1.498029232146592
9832	9832	-0.36111709071990344
9833	9833	-0.13759763491459745
9834	9834	-0.34857505622802287
9835	9835	-0.74719786527744991
9838	9838	-0.52220002668754439
9839	9839	0.4069643129015621
9840	9840	1.3869556277162249
9841	9841	-0.67292130026146701
9843	9843	-0.33890716911695723
9844	9844	0.8937360320495854
9845	9845	-2.4499851150193125E-2
9846	9846	1.2360259676125627
9848	9848	1.0790405053368473
9849	9849	-1.1771777047203205
9850	9850	1.6872665272038212
9851	9851	-0.21196029304536568
9852	9852	-1.0184115516403121
9853	9853	0.20838462494852741
9854	9854	1.9514286807868908
9855	9855	-0.30347692899158951
9856	9856	-0.85738088068217855
9858	9858	-0.66445847117239187
9859	9859	-0.47109325253327011
9860	9860	0.55893279081094716
9861	9861	2.0956222961739575
9862	9862	0.67479631009331265
9864	9864	1.1896915502199961
9866	9866	0.88981893021657865
9867	9867	0.30591266218093499
9868	9868	1.8042382840059679
9870	9870	1.6942241375080134
9871	9871	-0.44021496146969008
9872	9872	0.39891993732159281
9873	9873	0.50282357027305158
9874	9874	0.78941440306200417
9875	9875	2.4353950746471127
9876	9876	1.0052072351829
9877	9877	-0.37863839602111732
9878	9878	1.5231529633515126
9879	9879	2.1862768146374885
9880	9880	-2.769752285865907E-2
9881	9881	1.4738202991861409
9882	9882	0.83896669165167437
9883	9883	1.4496134742527613
9885	9885	1.7741248611692717
9886	9886	0.13239230432426549
9888	9888	-0.84389781173994161
9890	9890	-2.4814677532844501E-2
9891	9891	-1.1015583553929016
9892	9892	-5.2838315905881202E-3
9893	9893	-0.59738537216392251
9894	9894	-0.85417829747633511
9895	9895	-0.44228986930027347
9897	9897	-0.87911754703724676
9898	9898	-1.1788038817972997
9899	9899	1.6271761539693255
9900	9900	0.69494835054160442
9901	9901	0.17005479851766264
9902	9902	0.42553011705600935
9903	9903	1.1646538562487192
9904	9904	0.43673249233875994
9905	9905	0.38730143368547298
9906	9906	0.99469969462675367
9907	9907	-0.59591617129553309
9908	9908	0.21952063154941065
9909	9909	-0.46119971244560631
9911	9911	0.89148213212254257
9913	9913	0.62964557501327356
9915	9915	9.5614514493377351E-2
9918	9918	0.1147057491075285
9920	9920	0.76294339924651233
9921	9921	-0.5226936546719152
9924	9924	-0.48041269027872585
9927	9927	-0.77614707810102146
9928	9928	0.2195355742940632
9929	9929	-4.8855304285536499E-2
9930	9930	-0.79800784905179856
9931	9931	-0.22590336256681479
9933	9933	-0.24969007451307776
9934	9934	-7.8697346510043356E-2
9936	9936	-0.9998131614044462
9937	9937	0.13235000458363919
9938	9938	-4.8340209100638576E-2
9939	9939	-0.94088426346599086
9940	9940	0.33687461212466108
9941	9941	-0.62792240153758794
9942	9942	9.5547635216300802E-2
9943	9943	-0.49351478682791539
9944	9944	0.30458737245547035
9945	9945	-0.34870189538441076
9946	9946	-0.36428051886880747
9947	9947	0.43921287066658443
9948	9948	-0.40355611865072039
9949	9949	8.1896516246993553E-2
9950	9950	-0.42142928834515159
9951	9951	-0.5360839547889884
9952	9952	-0.92924203277008321
9953	9953	-0.34802886792725063
9954	9954	9.8122535797836682E-2
9957	9957	-0.52227858920831027
9958	9958	-0.22730877582763725
9959	9959	-0.57995565971306406
9960	9960	-0.347756547546405
9961	9961	-0.71327433329932299
9962	9962	-0.14119565948026253
9963	9963	0.63839457712811776
9964	9964	-0.37493546731598471
9965	9965	-0.58665655294073293
9966	9966	-0.14433306239042271
9967	9967	-0.41472543955276275
9968	9968	0.5552732312518367
9969	9969	-0.18928344779517817
9970	9970	-0.37091396084638084
9972	9972	0.23239164804242832
9973	9973	-0.66961097008812709
9976	9976	-0.90537406688109046
9979	9979	-6.098306897826819E-2
9980	9980	0.11776381321654815
9981	9981	1.8330686800974578
9982	9982	0.2150765238091677
9983	9983	6.8488567889066487E-2
9984	9984	-0.25566952015401123
9985	9985	-0.52882588108949102
9987	9987	-0.4520723730323325
9988	9988	-0.4147087935426933
9989	9989	0.63540782894005654
9990	9990	5.9602398099385535E-2
9991	9991	-0.60400146921569853
9992	9992	-0.42024650669979446
9993	9993	-0.40987467086671991
9995	9995	0.44203836072580055
9996	9996	-0.65027161401267097
9997	9997	-0.59541989044851051
9998	9998	-0.92739337349548223
9999	9999	-0.83403326248219867
10000	10000	0.44899944146189902
10001	10001	-0.75350329959128104
10002	10002	-0.27781363983703938
10006	10006	1.8311120908964489
10008	10008	-0.52770932417792971
10009	10009	-0.33699369020709879
10010	10010	-0.53933848445873633
10011	10011	-0.78545320115303474
10012	10012	3.6714647561067265E-2
10013	10013	-0.54434120235198358
10014	10014	0.97422621281947885
10015	10015	-0.46306707484831233
10016	10016	0.52582358268937701
10017	10017	-0.71654345319845747
10018	10018	0.56877491090652499
10019	10019	-0.72698325321347768
10020	10020	0.88772835039500086
10021	10021	-0.25889886217171165
10022	10022	8.0152151194628179E-2
10023	10023	-1.1228456343498779E-2
10024	10024	0.34012401015546312
10026	10026	1.8437597924228093
